{
    "camera_angle_x": 0.5235987755982988,
    "frames": [
        {
            "file_path": "./train/r_0000",
            "rotation": 0.0,
            "transform_matrix": [
                [
                    9.999567396334896e-09,
                    1.0,
                    0.00017454539192840457,
                    0.0007035696180537343
                ],
                [
                    1.248071246351401e-08,
                    0.00017454539192840457,
                    -1.0,
                    -4.031099796295166
                ],
                [
                    -1.0,
                    9.99999993922529e-09,
                    7.51928741493657e-09,
                    9.99999993922529e-09
                ],
                [
                    9.99999993922529e-09,
                    9.99999993922529e-09,
                    9.99999993922529e-09,
                    1.0
                ]
            ]
        },
        {
            "file_path": "./train/r_0001",
            "rotation": 0.0,
            "transform_matrix": [
                [
                    1.0,
                    9.99999993922529e-09,
                    1.248071246351401e-08,
                    9.99999993922529e-09
                ],
                [
                    1.2370128921190826e-08,
                    0.2952418029308319,
                    -0.955422580242157,
                    -3.8514037132263184
                ],
                [
                    9.267590250772173e-09,
                    0.955422580242157,
                    0.2952418029308319,
                    1.190149188041687
                ],
                [
                    9.99999993922529e-09,
                    9.99999993922529e-09,
                    9.99999993922529e-09,
                    1.0
                ]
            ]
        },
        {
            "file_path": "./train/r_0002",
            "rotation": 0.0,
            "transform_matrix": [
                [
                    -1.0,
                    9.99999993922529e-09,
                    1.248071246351401e-08,
                    9.99999993922529e-09
                ],
                [
                    7.629870957259755e-09,
                    0.2952418029308319,
                    -0.955422580242157,
                    -3.8514037132263184
                ],
                [
                    9.267589362593753e-09,
                    -0.955422580242157,
                    -0.2952418029308319,
                    -1.190149188041687
                ],
                [
                    9.99999993922529e-09,
                    9.99999993922529e-09,
                    9.99999993922529e-09,
                    1.0
                ]
            ]
        },
        {
            "file_path": "./train/r_0003",
            "rotation": 0.0,
            "transform_matrix": [
                [
                    0.5257311463356018,
                    -0.8090170621871948,
                    -0.2628655433654785,
                    -1.059637188911438
                ],
                [
                    1.9456102506865136e-08,
                    0.30901700258255005,
                    -0.9510565400123596,
                    -3.83380389213562
                ],
                [
                    0.8506508469581604,
                    0.5000000596046448,
                    0.1624598652124405,
                    0.654891848564148
                ],
                [
                    9.99999993922529e-09,
                    9.99999993922529e-09,
                    9.99999993922529e-09,
                    1.0
                ]
            ]
        },
        {
            "file_path": "./train/r_0004",
            "rotation": 0.0,
            "transform_matrix": [
                [
                    0.5257311463356018,
                    0.8090170621871948,
                    0.2628655433654785,
                    1.059637188911438
                ],
                [
                    5.438982597638642e-10,
                    0.30901700258255005,
                    -0.9510565400123596,
                    -3.83380389213562
                ],
                [
                    -0.8506508469581604,
                    0.5000000596046448,
                    0.1624598652124405,
                    0.654891848564148
                ],
                [
                    9.99999993922529e-09,
                    9.99999993922529e-09,
                    9.99999993922529e-09,
                    1.0
                ]
            ]
        },
        {
            "file_path": "./train/r_0005",
            "rotation": 0.0,
            "transform_matrix": [
                [
                    -0.5257311463356018,
                    0.8090170621871948,
                    0.2628655433654785,
                    1.059637188911438
                ],
                [
                    1.9456102506865136e-08,
                    0.30901700258255005,
                    -0.9510565400123596,
                    -3.83380389213562
                ],
                [
                    -0.8506508469581604,
                    -0.5000000596046448,
                    -0.1624598354101181,
                    -0.654891848564148
                ],
                [
                    9.99999993922529e-09,
                    9.99999993922529e-09,
                    9.99999993922529e-09,
                    1.0
                ]
            ]
        },
        {
            "file_path": "./train/r_0006",
            "rotation": 0.0,
            "transform_matrix": [
                [
                    -0.5257311463356018,
                    -0.8090170621871948,
                    -0.2628655433654785,
                    -1.059637188911438
                ],
                [
                    5.438982597638642e-10,
                    0.30901700258255005,
                    -0.9510565400123596,
                    -3.83380389213562
                ],
                [
                    0.8506508469581604,
                    -0.5000000596046448,
                    -0.1624598354101181,
                    -0.654891848564148
                ],
                [
                    9.99999993922529e-09,
                    9.99999993922529e-09,
                    9.99999993922529e-09,
                    1.0
                ]
            ]
        },
        {
            "file_path": "./train/r_0007",
            "rotation": 0.0,
            "transform_matrix": [
                [
                    0.8801464438438416,
                    -0.41023191809654236,
                    -0.23885563015937805,
                    -0.9628509283065796
                ],
                [
                    3.0047786481190997e-10,
                    0.5031693577766418,
                    -0.8641878366470337,
                    -3.4836273193359375
                ],
                [
                    0.47470226883888245,
                    0.7606118321418762,
                    0.44286271929740906,
                    1.7852238416671753
                ],
                [
                    9.99999993922529e-09,
                    9.99999993922529e-09,
                    9.99999993922529e-09,
                    1.0
                ]
            ]
        },
        {
            "file_path": "./train/r_0008",
            "rotation": 0.0,
            "transform_matrix": [
                [
                    0.8801464438438416,
                    0.41023191809654236,
                    0.23885565996170044,
                    0.9628509283065796
                ],
                [
                    1.969952201363867e-08,
                    0.5031693577766418,
                    -0.8641878366470337,
                    -3.4836273193359375
                ],
                [
                    -0.47470226883888245,
                    0.7606118321418762,
                    0.44286271929740906,
                    1.7852238416671753
                ],
                [
                    9.99999993922529e-09,
                    9.99999993922529e-09,
                    9.99999993922529e-09,
                    1.0
                ]
            ]
        },
        {
            "file_path": "./train/r_0009",
            "rotation": 0.0,
            "transform_matrix": [
                [
                    -0.8801464438438416,
                    0.41023191809654236,
                    0.23885565996170044,
                    0.9628509283065796
                ],
                [
                    3.0047786481190997e-10,
                    0.5031693577766418,
                    -0.8641878366470337,
                    -3.4836273193359375
                ],
                [
                    -0.47470226883888245,
                    -0.7606118321418762,
                    -0.44286271929740906,
                    -1.7852238416671753
                ],
                [
                    9.99999993922529e-09,
                    9.99999993922529e-09,
                    9.99999993922529e-09,
                    1.0
                ]
            ]
        },
        {
            "file_path": "./train/r_0010",
            "rotation": 0.0,
            "transform_matrix": [
                [
                    -0.8801464438438416,
                    -0.41023191809654236,
                    -0.23885563015937805,
                    -0.9628509283065796
                ],
                [
                    1.969952201363867e-08,
                    0.5031693577766418,
                    -0.8641878366470337,
                    -3.4836273193359375
                ],
                [
                    0.47470226883888245,
                    -0.7606118321418762,
                    -0.44286271929740906,
                    -1.7852238416671753
                ],
                [
                    9.99999993922529e-09,
                    9.99999993922529e-09,
                    9.99999993922529e-09,
                    1.0
                ]
            ]
        },
        {
            "file_path": "./train/r_0011",
            "rotation": 0.0,
            "transform_matrix": [
                [
                    1.0,
                    9.99999993922529e-09,
                    1.248071246351401e-08,
                    9.99999993922529e-09
                ],
                [
                    1.2110220382055559e-08,
                    0.5257311463356018,
                    -0.8506508469581604,
                    -3.429058313369751
                ],
                [
                    8.695812070413922e-09,
                    0.8506508469581604,
                    0.5257311463356018,
                    2.119274377822876
                ],
                [
                    9.99999993922529e-09,
                    9.99999993922529e-09,
                    9.99999993922529e-09,
                    1.0
                ]
            ]
        },
        {
            "file_path": "./train/r_0012",
            "rotation": 0.0,
            "transform_matrix": [
                [
                    8.695812070413922e-09,
                    0.8506508469581604,
                    0.5257311463356018,
                    2.119274377822876
                ],
                [
                    1.2110220382055559e-08,
                    0.5257311463356018,
                    -0.8506508469581604,
                    -3.429058313369751
                ],
                [
                    -1.0,
                    9.99999993922529e-09,
                    7.51928741493657e-09,
                    9.99999993922529e-09
                ],
                [
                    9.99999993922529e-09,
                    9.99999993922529e-09,
                    9.99999993922529e-09,
                    1.0
                ]
            ]
        },
        {
            "file_path": "./train/r_0013",
            "rotation": 0.0,
            "transform_matrix": [
                [
                    -1.0,
                    9.99999993922529e-09,
                    1.248071246351401e-08,
                    9.99999993922529e-09
                ],
                [
                    7.889779496395022e-09,
                    0.5257311463356018,
                    -0.8506508469581604,
                    -3.429058313369751
                ],
                [
                    8.695812070413922e-09,
                    -0.8506508469581604,
                    -0.5257311463356018,
                    -2.119274377822876
                ],
                [
                    9.99999993922529e-09,
                    9.99999993922529e-09,
                    9.99999993922529e-09,
                    1.0
                ]
            ]
        },
        {
            "file_path": "./train/r_0014",
            "rotation": 0.0,
            "transform_matrix": [
                [
                    8.695812070413922e-09,
                    -0.8506508469581604,
                    -0.5257311463356018,
                    -2.119274377822876
                ],
                [
                    7.889779496395022e-09,
                    0.5257311463356018,
                    -0.8506508469581604,
                    -3.429058313369751
                ],
                [
                    1.0,
                    9.99999993922529e-09,
                    7.519286526758151e-09,
                    9.99999905104687e-09
                ],
                [
                    9.99999993922529e-09,
                    9.99999993922529e-09,
                    9.99999993922529e-09,
                    1.0
                ]
            ]
        },
        {
            "file_path": "./train/r_0015",
            "rotation": 0.0,
            "transform_matrix": [
                [
                    0.5257311463356018,
                    -0.6881909966468811,
                    -0.5,
                    -2.015549898147583
                ],
                [
                    1.724857767726462e-08,
                    0.5877853035926819,
                    -0.80901700258255,
                    -3.261228322982788
                ],
                [
                    0.8506508469581604,
                    0.4253254234790802,
                    0.30901700258255005,
                    1.245678424835205
                ],
                [
                    9.99999993922529e-09,
                    9.99999993922529e-09,
                    9.99999993922529e-09,
                    1.0
                ]
            ]
        },
        {
            "file_path": "./train/r_0016",
            "rotation": 0.0,
            "transform_matrix": [
                [
                    0.5257311463356018,
                    0.6881909966468811,
                    0.5,
                    2.015549898147583
                ],
                [
                    2.75142308936438e-09,
                    0.5877853035926819,
                    -0.80901700258255,
                    -3.261228322982788
                ],
                [
                    -0.8506508469581604,
                    0.4253254234790802,
                    0.30901700258255005,
                    1.245678424835205
                ],
                [
                    9.99999993922529e-09,
                    9.99999993922529e-09,
                    9.99999993922529e-09,
                    1.0
                ]
            ]
        },
        {
            "file_path": "./train/r_0017",
            "rotation": 0.0,
            "transform_matrix": [
                [
                    -0.5257311463356018,
                    0.6881909966468811,
                    0.5,
                    2.015549898147583
                ],
                [
                    1.724857767726462e-08,
                    0.5877853035926819,
                    -0.80901700258255,
                    -3.261228322982788
                ],
                [
                    -0.8506508469581604,
                    -0.4253254234790802,
                    -0.30901700258255005,
                    -1.245678424835205
                ],
                [
                    9.99999993922529e-09,
                    9.99999993922529e-09,
                    9.99999993922529e-09,
                    1.0
                ]
            ]
        },
        {
            "file_path": "./train/r_0018",
            "rotation": 0.0,
            "transform_matrix": [
                [
                    -0.5257311463356018,
                    -0.6881909966468811,
                    -0.5,
                    -2.015549898147583
                ],
                [
                    2.75142308936438e-09,
                    0.5877853035926819,
                    -0.80901700258255,
                    -3.261228322982788
                ],
                [
                    0.8506508469581604,
                    -0.4253254234790802,
                    -0.30901700258255005,
                    -1.245678424835205
                ],
                [
                    9.99999993922529e-09,
                    9.99999993922529e-09,
                    9.99999993922529e-09,
                    1.0
                ]
            ]
        },
        {
            "file_path": "./train/r_0019",
            "rotation": 0.0,
            "transform_matrix": [
                [
                    0.9773483276367188,
                    -0.1516522914171219,
                    -0.14762088656425476,
                    -0.5950745940208435
                ],
                [
                    7.741433272201448e-09,
                    0.6975183486938477,
                    -0.7165669202804565,
                    -2.888552665710449
                ],
                [
                    0.21163733303546906,
                    0.7003355026245117,
                    0.6817183494567871,
                    2.748074769973755
                ],
                [
                    9.99999993922529e-09,
                    9.99999993922529e-09,
                    9.99999993922529e-09,
                    1.0
                ]
            ]
        },
        {
            "file_path": "./train/r_0020",
            "rotation": 0.0,
            "transform_matrix": [
                [
                    0.9773483276367188,
                    0.15165232121944427,
                    0.14762091636657715,
                    0.5950745940208435
                ],
                [
                    1.2258566606249133e-08,
                    0.6975183486938477,
                    -0.7165669202804565,
                    -2.888552665710449
                ],
                [
                    -0.21163730323314667,
                    0.7003355026245117,
                    0.6817183494567871,
                    2.748074769973755
                ],
                [
                    9.99999993922529e-09,
                    9.99999993922529e-09,
                    9.99999993922529e-09,
                    1.0
                ]
            ]
        },
        {
            "file_path": "./train/r_0021",
            "rotation": 0.0,
            "transform_matrix": [
                [
                    -0.9773483276367188,
                    0.15165232121944427,
                    0.14762091636657715,
                    0.5950745940208435
                ],
                [
                    7.741433272201448e-09,
                    0.6975183486938477,
                    -0.7165669202804565,
                    -2.888552665710449
                ],
                [
                    -0.21163730323314667,
                    -0.7003355026245117,
                    -0.6817183494567871,
                    -2.748074769973755
                ],
                [
                    9.99999993922529e-09,
                    9.99999993922529e-09,
                    9.99999993922529e-09,
                    1.0
                ]
            ]
        },
        {
            "file_path": "./train/r_0022",
            "rotation": 0.0,
            "transform_matrix": [
                [
                    -0.9773483276367188,
                    -0.1516522914171219,
                    -0.14762088656425476,
                    -0.5950745940208435
                ],
                [
                    1.2258566606249133e-08,
                    0.6975183486938477,
                    -0.7165669202804565,
                    -2.888552665710449
                ],
                [
                    0.21163733303546906,
                    -0.7003355026245117,
                    -0.6817183494567871,
                    -2.748074769973755
                ],
                [
                    9.99999993922529e-09,
                    9.99999993922529e-09,
                    9.99999993922529e-09,
                    1.0
                ]
            ]
        },
        {
            "file_path": "./train/r_0023",
            "rotation": 0.0,
            "transform_matrix": [
                [
                    0.8101465106010437,
                    -0.40343648195266724,
                    -0.4253254234790802,
                    -1.7145291566848755
                ],
                [
                    1.7907858307353308e-08,
                    0.725529670715332,
                    -0.6881909966468811,
                    -2.7741663455963135
                ],
                [
                    0.5862274765968323,
                    0.5575355291366577,
                    0.5877853035926819,
                    2.3694210052490234
                ],
                [
                    9.99999993922529e-09,
                    9.99999993922529e-09,
                    9.99999993922529e-09,
                    1.0
                ]
            ]
        },
        {
            "file_path": "./train/r_0024",
            "rotation": 0.0,
            "transform_matrix": [
                [
                    0.8101465106010437,
                    0.40343648195266724,
                    0.4253254234790802,
                    1.7145291566848755
                ],
                [
                    2.0921406829188527e-09,
                    0.725529670715332,
                    -0.6881909966468811,
                    -2.7741663455963135
                ],
                [
                    -0.5862274765968323,
                    0.5575355291366577,
                    0.5877853035926819,
                    2.3694210052490234
                ],
                [
                    9.99999993922529e-09,
                    9.99999993922529e-09,
                    9.99999993922529e-09,
                    1.0
                ]
            ]
        },
        {
            "file_path": "./train/r_0025",
            "rotation": 0.0,
            "transform_matrix": [
                [
                    -0.8101465106010437,
                    0.40343648195266724,
                    0.4253254234790802,
                    1.7145291566848755
                ],
                [
                    1.7907858307353308e-08,
                    0.725529670715332,
                    -0.6881909966468811,
                    -2.7741663455963135
                ],
                [
                    -0.5862274765968323,
                    -0.5575355291366577,
                    -0.5877853035926819,
                    -2.3694210052490234
                ],
                [
                    9.99999993922529e-09,
                    9.99999993922529e-09,
                    9.99999993922529e-09,
                    1.0
                ]
            ]
        },
        {
            "file_path": "./train/r_0026",
            "rotation": 0.0,
            "transform_matrix": [
                [
                    -0.8101465106010437,
                    -0.40343648195266724,
                    -0.4253254234790802,
                    -1.7145291566848755
                ],
                [
                    2.0921406829188527e-09,
                    0.725529670715332,
                    -0.6881909966468811,
                    -2.7741663455963135
                ],
                [
                    0.5862274765968323,
                    -0.5575355291366577,
                    -0.5877853035926819,
                    -2.3694210052490234
                ],
                [
                    9.99999993922529e-09,
                    9.99999993922529e-09,
                    9.99999993922529e-09,
                    1.0
                ]
            ]
        },
        {
            "file_path": "./train/r_0027",
            "rotation": 0.0,
            "transform_matrix": [
                [
                    0.20177412033081055,
                    -0.6676968336105347,
                    -0.7165669202804565,
                    -2.888552665710449
                ],
                [
                    7.888822928237005e-09,
                    0.7316147089004517,
                    -0.6817183494567871,
                    -2.748074769973755
                ],
                [
                    0.9794321060180664,
                    0.1375531256198883,
                    0.14762091636657715,
                    0.5950745940208435
                ],
                [
                    9.99999993922529e-09,
                    9.99999993922529e-09,
                    9.99999993922529e-09,
                    1.0
                ]
            ]
        },
        {
            "file_path": "./train/r_0028",
            "rotation": 0.0,
            "transform_matrix": [
                [
                    0.20177412033081055,
                    0.6676968336105347,
                    0.7165669202804565,
                    2.888552665710449
                ],
                [
                    1.2111176950213576e-08,
                    0.7316147089004517,
                    -0.6817183494567871,
                    -2.748074769973755
                ],
                [
                    -0.9794321060180664,
                    0.1375531256198883,
                    0.14762091636657715,
                    0.5950745940208435
                ],
                [
                    9.99999993922529e-09,
                    9.99999993922529e-09,
                    9.99999993922529e-09,
                    1.0
                ]
            ]
        },
        {
            "file_path": "./train/r_0029",
            "rotation": 0.0,
            "transform_matrix": [
                [
                    -0.20177409052848816,
                    0.6676968336105347,
                    0.7165669202804565,
                    2.888552665710449
                ],
                [
                    7.888822928237005e-09,
                    0.7316147089004517,
                    -0.6817183494567871,
                    -2.748074769973755
                ],
                [
                    -0.9794321060180664,
                    -0.13755309581756592,
                    -0.14762088656425476,
                    -0.5950745940208435
                ],
                [
                    9.99999993922529e-09,
                    9.99999993922529e-09,
                    9.99999993922529e-09,
                    1.0
                ]
            ]
        },
        {
            "file_path": "./train/r_0030",
            "rotation": 0.0,
            "transform_matrix": [
                [
                    -0.20177409052848816,
                    -0.6676968336105347,
                    -0.7165669202804565,
                    -2.888552665710449
                ],
                [
                    1.2111176950213576e-08,
                    0.7316147089004517,
                    -0.6817183494567871,
                    -2.748074769973755
                ],
                [
                    0.9794321060180664,
                    -0.13755309581756592,
                    -0.14762088656425476,
                    -0.5950745940208435
                ],
                [
                    9.99999993922529e-09,
                    9.99999993922529e-09,
                    9.99999993922529e-09,
                    1.0
                ]
            ]
        },
        {
            "file_path": "./train/r_0031",
            "rotation": 0.0,
            "transform_matrix": [
                [
                    0.5257311463356018,
                    -0.5,
                    -0.6881909966468811,
                    -2.7741663455963135
                ],
                [
                    9.99999993922529e-09,
                    0.8090169429779053,
                    -0.5877853035926819,
                    -2.3694210052490234
                ],
                [
                    0.8506508469581604,
                    0.30901700258255005,
                    0.4253254234790802,
                    1.7145291566848755
                ],
                [
                    9.99999993922529e-09,
                    9.99999993922529e-09,
                    9.99999993922529e-09,
                    1.0
                ]
            ]
        },
        {
            "file_path": "./train/r_0032",
            "rotation": 0.0,
            "transform_matrix": [
                [
                    0.5257311463356018,
                    0.5,
                    0.6881909966468811,
                    2.7741663455963135
                ],
                [
                    9.99999993922529e-09,
                    0.8090169429779053,
                    -0.5877853035926819,
                    -2.3694210052490234
                ],
                [
                    -0.8506508469581604,
                    0.30901700258255005,
                    0.4253254234790802,
                    1.7145291566848755
                ],
                [
                    9.99999993922529e-09,
                    9.99999993922529e-09,
                    9.99999993922529e-09,
                    1.0
                ]
            ]
        },
        {
            "file_path": "./train/r_0033",
            "rotation": 0.0,
            "transform_matrix": [
                [
                    -0.5257311463356018,
                    0.5,
                    0.6881909966468811,
                    2.7741663455963135
                ],
                [
                    9.99999993922529e-09,
                    0.8090169429779053,
                    -0.5877853035926819,
                    -2.3694210052490234
                ],
                [
                    -0.8506508469581604,
                    -0.30901700258255005,
                    -0.4253254234790802,
                    -1.7145291566848755
                ],
                [
                    9.99999993922529e-09,
                    9.99999993922529e-09,
                    9.99999993922529e-09,
                    1.0
                ]
            ]
        },
        {
            "file_path": "./train/r_0034",
            "rotation": 0.0,
            "transform_matrix": [
                [
                    -0.5257311463356018,
                    -0.5,
                    -0.6881909966468811,
                    -2.7741663455963135
                ],
                [
                    9.99999993922529e-09,
                    0.8090169429779053,
                    -0.5877853035926819,
                    -2.3694210052490234
                ],
                [
                    0.8506508469581604,
                    -0.30901700258255005,
                    -0.4253254234790802,
                    -1.7145291566848755
                ],
                [
                    9.99999993922529e-09,
                    9.99999993922529e-09,
                    9.99999993922529e-09,
                    1.0
                ]
            ]
        },
        {
            "file_path": "./train/r_0035",
            "rotation": 0.0,
            "transform_matrix": [
                [
                    1.0,
                    9.99999993922529e-09,
                    1.248071246351401e-08,
                    9.99999993922529e-09
                ],
                [
                    1.1304187808036659e-08,
                    0.8506508469581604,
                    -0.5257311463356018,
                    -2.119274377822876
                ],
                [
                    7.889779496395022e-09,
                    0.5257311463356018,
                    0.8506508469581604,
                    3.429058313369751
                ],
                [
                    9.99999993922529e-09,
                    9.99999993922529e-09,
                    9.99999993922529e-09,
                    1.0
                ]
            ]
        },
        {
            "file_path": "./train/r_0036",
            "rotation": 0.0,
            "transform_matrix": [
                [
                    -1.0,
                    9.99999993922529e-09,
                    1.248071335169243e-08,
                    1.000000082740371e-08
                ],
                [
                    8.695812070413922e-09,
                    0.8506508469581604,
                    -0.5257311463356018,
                    -2.119274377822876
                ],
                [
                    7.889779496395022e-09,
                    -0.5257311463356018,
                    -0.8506508469581604,
                    -3.429058313369751
                ],
                [
                    9.99999993922529e-09,
                    9.99999993922529e-09,
                    9.99999993922529e-09,
                    1.0
                ]
            ]
        },
        {
            "file_path": "./train/r_0037",
            "rotation": 0.0,
            "transform_matrix": [
                [
                    7.889779496395022e-09,
                    0.5257311463356018,
                    0.8506508469581604,
                    3.429058313369751
                ],
                [
                    1.1304187808036659e-08,
                    0.8506508469581604,
                    -0.5257311463356018,
                    -2.119274377822876
                ],
                [
                    -1.0,
                    9.99999993922529e-09,
                    7.51928741493657e-09,
                    9.99999993922529e-09
                ],
                [
                    9.99999993922529e-09,
                    9.99999993922529e-09,
                    9.99999993922529e-09,
                    1.0
                ]
            ]
        },
        {
            "file_path": "./train/r_0038",
            "rotation": 0.0,
            "transform_matrix": [
                [
                    7.889779496395022e-09,
                    -0.5257311463356018,
                    -0.8506508469581604,
                    -3.429058313369751
                ],
                [
                    8.695812070413922e-09,
                    0.8506508469581604,
                    -0.5257311463356018,
                    -2.119274377822876
                ],
                [
                    1.0,
                    9.99999993922529e-09,
                    7.519286526758151e-09,
                    9.99999905104687e-09
                ],
                [
                    9.99999993922529e-09,
                    9.99999993922529e-09,
                    9.99999993922529e-09,
                    1.0
                ]
            ]
        },
        {
            "file_path": "./train/r_0039",
            "rotation": 0.0,
            "transform_matrix": [
                [
                    0.9341723918914795,
                    -0.17841103672981262,
                    -0.30901700258255005,
                    -1.245678424835205
                ],
                [
                    4.6101273909471274e-09,
                    0.866025447845459,
                    -0.5,
                    -2.015549898147583
                ],
                [
                    0.35682210326194763,
                    0.46708619594573975,
                    0.80901700258255,
                    3.261228322982788
                ],
                [
                    9.99999993922529e-09,
                    9.99999993922529e-09,
                    9.99999993922529e-09,
                    1.0
                ]
            ]
        },
        {
            "file_path": "./train/r_0040",
            "rotation": 0.0,
            "transform_matrix": [
                [
                    0.9341723918914795,
                    0.178411066532135,
                    0.30901700258255005,
                    1.245678424835205
                ],
                [
                    1.5389872487503453e-08,
                    0.866025447845459,
                    -0.5,
                    -2.015549898147583
                ],
                [
                    -0.35682210326194763,
                    0.46708619594573975,
                    0.80901700258255,
                    3.261228322982788
                ],
                [
                    9.99999993922529e-09,
                    9.99999993922529e-09,
                    9.99999993922529e-09,
                    1.0
                ]
            ]
        },
        {
            "file_path": "./train/r_0041",
            "rotation": 0.0,
            "transform_matrix": [
                [
                    -0.9341723918914795,
                    0.178411066532135,
                    0.30901700258255005,
                    1.245678424835205
                ],
                [
                    4.6101273909471274e-09,
                    0.866025447845459,
                    -0.5,
                    -2.015549898147583
                ],
                [
                    -0.35682210326194763,
                    -0.46708619594573975,
                    -0.80901700258255,
                    -3.261228322982788
                ],
                [
                    9.99999993922529e-09,
                    9.99999993922529e-09,
                    9.99999993922529e-09,
                    1.0
                ]
            ]
        },
        {
            "file_path": "./train/r_0042",
            "rotation": 0.0,
            "transform_matrix": [
                [
                    -0.9341723918914795,
                    -0.17841103672981262,
                    -0.30901700258255005,
                    -1.245678424835205
                ],
                [
                    1.5389872487503453e-08,
                    0.866025447845459,
                    -0.5,
                    -2.015549898147583
                ],
                [
                    0.35682210326194763,
                    -0.46708619594573975,
                    -0.80901700258255,
                    -3.261228322982788
                ],
                [
                    9.99999993922529e-09,
                    9.99999993922529e-09,
                    9.99999993922529e-09,
                    1.0
                ]
            ]
        },
        {
            "file_path": "./train/r_0043",
            "rotation": 0.0,
            "transform_matrix": [
                [
                    0.2664047181606293,
                    -0.42685821652412415,
                    -0.8641878366470337,
                    -3.4836273193359375
                ],
                [
                    1.2126914583632242e-08,
                    0.896589457988739,
                    -0.44286271929740906,
                    -1.7852238416671753
